Stations_id von_datum bis_datum Stationshoehe geoBreite geoLaenge Stationsname Bundesland
00003 19370101 20110331 202 50.7827 6.0941 Aachen Nordrhein-Westfalen
00011 19800901 20231206 680 47.9736 8.5205 Donaueschingen_(Landeplatz) Baden-Wurttemberg
00044 19690101 19951130 44 52.9336 8.2370 Grossenkneten Niedersachsen
00052 19690101 20011231 46 53.6623 10.1990 Ahrensburg-Wulfsdorf Schleswig-Holstein
00072 19780901 19950531 794 48.2766 9.0001 Albstadt-Onstmettingen Baden-Wurttemberg
00090 19880219 20231206 305 50.7557 9.2583 Alsfeld Hessen
00096 20190409 20231206 50 52.9437 12.8518 Neuruppin-Alt_Ruppin Brandenburg
00102 20010404 20231206 0 53.8633 8.1275 Leuchtturm_Alte_Weser Niedersachsen
00106 19710101 20061201 500 51.7976 10.4429 Altenau Niedersachsen
00125 19740301 20231130 742 47.8342 10.8667 Altenstadt Bayern
00126 19791101 20101130 330 49.5447 10.2213 Uffenheim_(Schulstr.) Bayern
00161 19801201 20231206 75 50.4237 7.4202 Andernach Rheinland-Pfalz
00164 19790101 20231206 54 53.0316 13.9908 Angermunde Brandenburg
00175 19740201 19760430 413 49.2964 10.5751 Ansbach Bayern
00176 19760601 19951130 481 49.2475 10.5826 Ansbach-Claffheim Bayern
00181 19991101 20081102 30 52.8761 11.5042 Arendsee Sachsen-Anhalt
00183 19730101 20231206 42 54.6791 13.4344 Arkona Mecklenburg-Vorpommern
00193 19790901 19871231 232 51.3845 9.0820 Arolsen-Neu_Berich Hessen
00197 19900801 20231206 365 51.3219 9.0558 Arolsen-Volkhardinghausen,_Bad Hessen
00198 19610101 20231206 164 51.3744 11.2920 Artern Thuringen
00222 19820101 20080701 393 50.5908 12.7139 Aue Sachsen
00232 19610101 20231206 462 48.4253 10.9417 Augsburg Bayern
00259 19780501 19930731 275 47.8064 7.6387 Mullheim Baden-Wurttemberg
00268 19980101 20081231 622 48.5293 8.2727 Baiersbronn-Obertal Baden-Wurttemberg
00282 19710801 20231206 240 49.8743 10.9206 Bamberg Bayern
00298 19810101 20231206 3 54.3405 12.7108 Barth Mecklenburg-Vorpommern
00303 19930906 20231206 55 52.0613 13.4997 Baruth Brandenburg
00320 19790101 19970131 350 49.9666 11.5198 Heinersreuth-Vollhof Bayern
00330 19770301 20080531 455 49.5617 8.9673 Oberzent-Beerfelden Hessen
00341 19680201 19930131 235 47.7277 7.5520 Bellingen,_Bad Baden-Wurttemberg
00342 20101201 20231206 103 52.3170 8.1694 Belm Niedersachsen
00348 19891214 20110901 127 50.4135 7.5886 Bendorf Rheinland-Pfalz
00350 19990601 19991231 540 51.6715 10.7268 Benneckenstein Sachsen-Anhalt
00368 19730101 20231130 69 52.8152 9.9248 Bergen Niedersachsen
00399 19750401 20150630 36 52.5198 13.4057 Berlin-Alexanderplatz Berlin
00400 19910101 20001025 60 52.6310 13.5021 Berlin-Buch Berlin
00424 19750101 19801231 36 52.5000 13.4667 Berlin-Ostkreuz Berlin
00427 19730101 20231206 46 52.3807 13.5306 Berlin_Brandenburg Brandenburg
00430 19870101 20210505 36 52.5644 13.3088 Berlin-Tegel Berlin
00433 19740101 20231206 48 52.4676 13.4020 Berlin-Tempelhof Berlin
00460 19690101 20231206 362 49.2641 6.6868 Berus Saarland
00553 19700601 19741231 25 51.8380 6.6107 Bocholt_(Marienschule) Nordrhein-Westfalen
00554 19750101 20060228 23 51.8293 6.5365 Bocholt-Liedern_(Wasserwerk) Nordrhein-Westfalen
00591 19730101 20231206 45 53.3911 10.6878 Boizenburg Mecklenburg-Vorpommern
00594 19950101 20000301 425 48.6407 9.6136 Boll,_Bad_(KKst) Baden-Wurttemberg
00596 19730101 20231206 15 54.0027 11.1908 Boltenhagen Mecklenburg-Vorpommern
00599 19750101 19990228 62 50.7055 7.1467 Bonn-Friesdorf Nordrhein-Westfalen
00603 19860801 20231206 147 50.7293 7.2040 Konigswinter-Heiderhof Nordrhein-Westfalen
00619 19870501 20231206 12 53.5788 6.6703 Borkum-Suderstrasse Niedersachsen
00634 19800301 19910331 373 49.4442 9.6458 Boxberg-Seehof Baden-Wurttemberg
00635 19800501 19900930 378 49.4500 9.6333 Boxberg-Seehof_(West) Baden-Wurttemberg
00636 19811101 19910331 373 49.4500 9.6500 Boxberg-Seehof_(Wind-3m) Baden-Wurttemberg
00642 19810101 20231206 4 53.3518 8.4969 Brake Niedersachsen
00656 19370101 20231206 607 51.7234 10.6021 Braunlage Niedersachsen
00662 19660101 20231206 81 52.2915 10.4464 Braunschweig Niedersachsen
00675 19800701 19880229 218 48.0333 7.6000 Breisach-Eckartsberg Baden-Wurttemberg
00691 19260101 20231206 4 53.0451 8.7981 Bremen Bremen
00701 19520101 20231206 7 53.5332 8.5761 Bremerhaven Bremen
00704 19790401 20231206 11 53.4451 9.1390 Bremervorde Niedersachsen
00706 19690901 19920831 234 47.8858 7.6611 Eschbach Baden-Wurttemberg
00722 19560101 20231206 1135 51.7986 10.6183 Brocken Sachsen-Anhalt
00728 19810201 19861231 1016 48.8171 13.2176 Brotjacklriegel_(UBA) Bayern
00743 19750101 19980501 73 51.2000 6.1333 Bruggen_(Flugplatz) Nordrhein-Westfalen
00748 19660101 20080930 5 53.8887 9.1411 Brunsbuttel_(Schleuse) Schleswig-Holstein
00766 19650101 20231130 477 50.1745 7.0595 Buchel-Alflen Rheinland-Pfalz
00769 19720101 20060930 68 52.2817 9.0890 Buckeburg Niedersachsen
00781 19880101 19940331 221 51.6126 8.6190 Buhren-Ahden Nordrhein-Westfalen
00788 19650101 20231206 3 54.1193 8.8584 Busum Schleswig-Holstein
00829 19830502 19970831 479 50.3960 8.5465 Butzbach-Bodenrod Hessen
00840 19900501 20231206 895 50.4313 12.6114 Carlsfeld Sachsen
00850 19740801 20150630 45 52.5959 10.0296 Celle Niedersachsen
00853 19610101 20231206 416 50.7913 12.8720 Chemnitz Sachsen
00856 20030101 20231206 551 47.8843 12.5404 Chieming Bayern
00867 19720101 20231206 344 50.3066 10.9679 Lautertal-Oberlauter Bayern
00876 19730101 19881231 314 51.3040 13.0096 Collmberg Sachsen
00880 19830101 20231206 69 51.7759 14.3168 Cottbus Brandenburg
00891 19690101 20231206 5 53.8713 8.7060 Cuxhaven Niedersachsen
00909 19860101 19931130 54 54.0551 10.2984 Damsdorf Schleswig-Holstein
00920 19510101 19870929 108 49.8564 8.5929 Darmstadt_(US-Air-Base) Hessen
00950 19850101 19930228 194 51.9500 8.9000 Detmold Nordrhein-Westfalen
00953 19690101 20231206 481 49.7619 7.0542 Deuselbach Rheinland-Pfalz
00954 20010403 20221121 0 54.1796 7.4587 UFS_Deutsche_Bucht Hamburg
00963 19740101 20231206 38 52.5881 8.3424 Diepholz Niedersachsen
00981 19820501 20011231 193 49.3531 6.7490 Dillingen_(Saar) Saarland
00998 19500101 20090201 696 48.7968 8.4921 Dobel Baden-Wurttemberg
01001 19810101 20231206 97 51.6451 13.5747 Doberlug-Kirchhain Brandenburg
01010 19870401 20080923 5 52.9732 7.3209 Dorpen_(Klaranlage) Niedersachsen
01011 19901011 20231206 442 49.6017 7.7413 Dorrmoschel-Felsbergerhof Rheinland-Pfalz
01013 19800401 20231206 309 47.6026 8.1697 Dogern Baden-Wurttemberg
01035 19931201 20001130 122 51.5206 7.6161 Dortmund-Wickede Nordrhein-Westfalen
01048 19730101 20231206 228 51.1278 13.7543 Dresden-Klotzsche Sachsen
01076 19800301 20081231 692 48.0135 8.5343 Durrheim,_Bad Baden-Wurttemberg
01078 19520101 20231206 37 51.2960 6.7686 Dusseldorf Nordrhein-Westfalen
01126 19840401 19990130 117 49.9600 8.6400 Egelsbach Hessen
01130 19720401 20040229 18 54.6282 9.3649 Eggebek Schleswig-Holstein
01163 19761101 20070224 4 54.2667 8.8500 Eidersperrwerk Schleswig-Holstein
01200 20071120 20231206 3 54.0691 9.0105 Elpersbuttel Schleswig-Holstein
01219 19750101 19980310 5 53.3449 7.1909 Emden-Nesserland Niedersachsen
01221 19500301 19741231 0 53.3707 7.2236 Emden-Wolthusen Niedersachsen
01228 20010424 20231206 0 54.1651 6.3460 UFS_TW_Ems Hamburg
01261 19690101 19920731 460 48.3192 11.9440 Erding Bayern
01262 19920519 20231206 446 48.3477 11.8134 Munchen-Flughafen Bayern
01270 19730101 20231206 316 50.9829 10.9608 Erfurt-Weimar Thuringen
01281 19820101 20010430 284 49.5653 10.9729 Erlangen-Frauenaurach Bayern
01297 19801201 19850718 156 51.2041 10.0138 Eschwege Hessen
01303 19630101 20231206 150 51.4041 6.9677 Essen-Bredeney Nordrhein-Westfalen
01339 19710101 20231130 76 52.9157 10.1885 Fassberg Niedersachsen
01346 19550101 20231206 1486 47.8748 8.0038 Feldberg/Schwarzwald Baden-Wurttemberg
01347 19800301 19870131 962 47.8555 8.1155 Feldberg-Altglashutten Baden-Wurttemberg
01357 19931215 20231206 655 49.9807 11.8376 Fichtelberg/Oberfranken-Huttstadl Bayern
01358 19550101 20231206 1213 50.4283 12.9536 Fichtelberg Sachsen
01359 19820101 19921126 705 50.0242 11.2219 Fichtelberg/Ofr Bayern
01379 19821201 20231206 41 54.7737 9.3753 Flensburg_(Schaferhaus) Schleswig-Holstein
01415 19760601 19881231 100 50.0333 8.5333 Frankfurt_(07W) Hessen
01416 19840401 19871231 97 50.0167 8.5333 Frankfurt_(18W) Hessen
01420 19670101 20231206 100 50.0259 8.5213 Frankfurt/Main Hessen
01422 19730801 19890430 114 50.0972 8.6936 Frankfurt_(Henninger_Turm) Hessen
01423 19720501 19871231 111 50.0496 8.5887 Frankfurt/Main_(Terminal) Hessen
01425 19510501 19621231 103 50.1214 8.6604 Frankfurt/Main_(Feldbergstr.) Hessen
01426 19640101 19841231 65 52.3397 14.5080 Frankfurt/Oder Brandenburg
01443 19550101 20231206 237 48.0232 7.8343 Freiburg Baden-Wurttemberg
01467 19980101 20091231 736 48.4607 8.4141 Freudenstadt-Kurgarten Baden-Wurttemberg
01468 19701001 20231206 797 48.4538 8.4090 Freudenstadt Baden-Wurttemberg
01490 19650101 20231206 394 47.6454 9.4795 Friedrichshafen Baden-Wurttemberg
01503 20121001 20231206 6 53.0643 7.9020 Friesoythe-Altenoythe Niedersachsen
01505 19750101 20071031 222 51.1333 9.2833 Fritzlar-Kasseler_Warte Hessen
01515 19690101 19911231 519 48.2000 11.2667 Furstenfeldbruck Bayern
01526 19770301 19930729 242 50.5668 9.6532 Fulda-Horas Hessen
01544 19590101 20231206 47 52.5129 11.3942 Gardelegen Sachsen-Anhalt
01550 19690101 20231206 719 47.4830 11.0621 Garmisch-Partenkirchen Bayern
01572 19821201 20041231 80 50.9593 6.0392 Geilenkirchen-Neutevern Nordrhein-Westfalen
01580 19510101 20231206 111 49.9859 7.9548 Geisenheim Hessen
01587 20031210 20231206 536 48.9481 11.4289 Gelbelsee Bayern
01605 19820101 20231206 35 52.3875 12.1602 Genthin Sachsen-Anhalt
01612 19730101 20231206 311 50.8812 12.1289 Gera-Leumnitz Thuringen
01639 19390101 20231206 203 50.6017 8.6439 Giessen/Wettenberg Hessen
01666 19710101 20071231 12 54.8273 9.5058 Glucksburg-Meierwik Schleswig-Holstein
01672 19740101 19780630 19 51.6833 6.1667 Goch Nordrhein-Westfalen
01684 19630101 20231206 239 51.1621 14.9506 Gorlitz Sachsen
01689 19900701 19920630 441 49.7656 11.3062 Gossweinstein Bayern
01691 19690101 20231206 167 51.5002 9.9507 Gottingen Niedersachsen
01694 19810901 20231206 59 53.6058 12.1034 Goldberg Mecklenburg-Vorpommern
01757 19780101 20231206 2 54.0967 13.4056 Greifswald Mecklenburg-Vorpommern
01758 19610101 19771231 2 54.1000 13.4500 Greifswald-Wieck Mecklenburg-Vorpommern
01759 20001025 20231206 12 54.2437 13.9102 Greifswalder_Oie Mecklenburg-Vorpommern
01766 19820101 20231206 48 52.1344 7.6969 Munster/Osnabruck Nordrhein-Westfalen
01803 19910101 20231206 35 54.0714 12.3238 Gross_Lusewitz Mecklenburg-Vorpommern
01831 19830901 20040827 1449 49.1129 13.1365 Grosser_Arber_(Ost) Bayern
01832 19821101 20231206 1436 49.1129 13.1338 Grosser_Arber Bayern
01834 19730101 19780630 913 50.8519 10.4665 Grosser_Inselsberg Thuringen
01869 19810101 20231206 56 53.3154 13.9339 Grunow Brandenburg
01874 19800401 19921124 320 51.8000 10.2167 Grund,_Bad_(Erzbergwerk) Niedersachsen
01886 20091126 20231206 444 48.4878 10.2608 Gunzburg Bayern
01892 19750601 19980531 72 51.9298 8.3005 Gutersloh_(Flugplatz) Nordrhein-Westfalen
01920 19790401 20030331 100 51.4129 7.4895 Hagen-Fley Nordrhein-Westfalen
01922 19790101 19860228 111 51.3598 7.4717 Hagen_(Stadtsparkasse) Nordrhein-Westfalen
01957 19720101 20150323 93 51.5138 11.9499 Halle-Krollwitz Sachsen-Anhalt
01960 19450101 19751231 102 51.4831 11.9671 Halle_(Stadt) Sachsen-Anhalt
01963 19690101 20231206 4 54.5742 8.5133 Hallig_Hooge Schleswig-Holstein
01975 19500101 20231206 11 53.6332 9.9881 Hamburg-Fuhlsbuttel Hamburg
01987 19690101 19970331 47 53.5467 9.9662 Hamburg-Sankt_Pauli Hamburg
01993 19761201 20231206 68 52.0848 9.3896 Hameln Niedersachsen
02014 19500101 20231206 55 52.4644 9.6779 Hannover Niedersachsen
02023 20021113 20231206 501 48.7918 10.7062 Harburg Bayern
02044 19810101 20231206 404 51.6520 11.1366 Harzgerode Sachsen-Anhalt
02055 19871113 20141228 292 50.0493 10.4947 Hassfurt Bayern
02093 19690101 19820930 30 53.8562 9.8227 Heidmoor Schleswig-Holstein
02100 20181201 20191117 4 54.1860 7.9119 Helgoland-Dune Schleswig-Holstein
02115 19590101 20231206 4 54.1750 7.8920 Helgoland Schleswig-Holstein
02158 19770101 20090101 350 48.8042 8.4430 Herrenalb,_Bad Baden-Wurttemberg
02166 19820101 19910502 344 51.0167 14.7500 Herrnhut Sachsen
02171 19760401 20231206 272 50.8520 9.7377 Hersfeld,_Bad Hessen
02201 19590108 19790618 1 54.5750 13.1044 Hiddensee-Vitte Mecklenburg-Vorpommern
02207 19740301 19781231 91 52.1833 9.9500 Hildesheim_(Flugplatz) Niedersachsen
02228 19790101 20041231 883 47.8983 8.1055 Hinterzarten Baden-Wurttemberg
02244 19800601 20050901 1008 47.7327 8.1627 Hochenschwand Baden-Wurttemberg
02252 19971105 20231206 271 50.8992 14.7456 Bertsdorf-Hornitz Sachsen
02253 19831001 19960731 10 54.7667 8.2833 Hornum/Sylt Schleswig-Holstein
02261 19480101 20231206 565 50.3123 11.8760 Hof Bayern
02290 19390101 20231206 977 47.8009 11.0108 Hohenpeissenberg Bayern
02303 19690101 20231130 10 54.3162 9.5385 Hohn Schleswig-Holstein
02315 20090101 20231130 80 51.7657 13.1666 Holzdorf-Bernsdorf Brandenburg
02338 19740601 20051223 39 52.3333 7.5500 Hopsten_(Flugplatz) Nordrhein-Westfalen
02349 19891030 20231206 1138 48.6136 8.2033 Hornisgrinde Baden-Wurttemberg
02374 19650101 19711016 3 54.4752 9.0564 Husum Schleswig-Holstein
02377 19810101 20231206 362 47.7001 7.5895 Kandern-Gupf Baden-Wurttemberg
02385 19740401 20231130 376 49.6927 7.3263 Idar-Oberstein Rheinland-Pfalz
02410 19740101 20231130 364 48.7111 11.5363 Ingolstadt-Manching Bayern
02423 19771001 20050701 712 47.6894 10.0416 Isny Baden-Wurttemberg
02429 19880301 20231206 20 53.9897 9.5697 Itzehoe Schleswig-Holstein
02437 19710101 20080131 21 54.4570 9.5203 Schleswig-Jagel Schleswig-Holstein
02444 19920201 19980331 155 50.9251 11.5830 Jena_(Sternwarte) Thuringen
02456 19690101 20040630 7 53.5322 7.8806 Jever Niedersachsen
02465 19810501 19901231 0 53.5083 9.7376 Jork-Moorende Niedersachsen
02482 19781201 19800430 741 51.1806 8.4900 Kahler_Asten_(A) Nordrhein-Westfalen
02483 19690101 20231206 839 51.1803 8.4891 Kahler_Asten Nordrhein-Westfalen
02485 20110502 20231206 489 48.9170 9.6871 Kaisersbach-Cronhutte Baden-Wurttemberg
02486 19770301 19940531 271 49.4262 7.7557 Kaiserslautern Rheinland-Pfalz
02493 19800101 19940531 2 54.4333 10.3667 Kalifornien Schleswig-Holstein
02494 19930101 20130930 31 51.7329 6.2688 Kalkar Nordrhein-Westfalen
02497 19790101 20231206 505 50.5014 6.5264 Kall-Sistig Nordrhein-Westfalen
02503 19530101 20030505 487 50.6266 10.1455 Kaltennordheim Thuringen
02522 19480101 20081031 112 49.0382 8.3641 Karlsruhe Baden-Wurttemberg
02532 19540101 20131031 231 51.2963 9.4424 Kassel Hessen
02559 19660101 20231206 705 47.7233 10.3348 Kempten Bayern
02564 19740101 20231206 28 54.3776 10.1424 Kiel-Holtenau Schleswig-Holstein
02565 19530101 19881015 17 54.3378 10.0929 Kiel-Kronshagen Schleswig-Holstein
02573 19870610 20231206 470 47.9588 12.7717 Waging_am_See-Schnobling Bayern
02597 19721201 20231206 282 50.2240 10.0792 Kissingen,_Bad Bayern
02601 19660101 20231206 822 50.2218 8.4469 Kleiner_Feldberg/Taunus Hessen
02638 19690101 20231206 974 48.1054 8.7548 Klippeneck Baden-Wurttemberg
02656 19700701 19891231 96 50.3519 7.5906 Koblenz Rheinland-Pfalz
02667 19570701 20231206 92 50.8645 7.1575 Koln/Bonn Nordrhein-Westfalen
02693 19840401 20031231 380 50.1855 8.4698 Konigstein/Taunus Hessen
02712 19590701 20231206 428 47.6952 9.1307 Konstanz Baden-Wurttemberg
02738 19980101 19980201 776 47.6448 11.7438 Kreuth Bayern
02757 19720101 19831231 238 47.9077 7.7020 Krozingen,_Bad Baden-Wurttemberg
02758 19800701 19900630 202 47.9585 7.6578 Krozingen,_Bad-Hausen Baden-Wurttemberg
02773 19740101 20231031 415 49.4283 11.9016 Kummersbruck Bayern
02794 19890101 20231206 40 52.9362 12.4093 Kyritz Brandenburg
02798 19750101 19980531 32 51.6000 6.1500 Laarbruch Nordrhein-Westfalen
02812 19770127 20231206 156 48.3647 7.8280 Lahr Baden-Wurttemberg
02829 19690101 20171222 617 48.0772 10.9144 Landsberg_(Flugplatz) Bayern
02856 19990501 20231206 91 51.9173 13.0878 Langenlipsdorf Brandenburg
02878 20170801 20231206 117 51.3909 11.8786 Lauchstadt,_Bad Sachsen-Anhalt
02886 19700101 20231130 539 48.2175 9.9097 Laupheim Baden-Wurttemberg
02889 19710101 19781031 300 51.6323 10.4737 Lauterberg,_Bad_(A) Niedersachsen
02897 19900830 20231206 522 50.5808 9.2857 Lautertal-Horgenau Hessen
02905 19690101 20231130 550 48.1849 10.8507 Lechfeld Bayern
02906 19710101 19741031 5 54.7750 8.9808 Leck_(A) Schleswig-Holstein
02907 19741201 20231206 7 54.7903 8.9514 Leck Schleswig-Holstein
02925 19730101 20231206 356 51.3932 10.3123 Leinefelde Thuringen
02926 19710101 19891231 477 48.4333 10.2333 Leipheim_(Flugplatz) Bayern
02928 19580101 20231206 138 51.3151 12.4462 Leipzig-Holzhausen Sachsen
02932 19720501 20231206 131 51.4347 12.2396 Leipzig/Halle Sachsen
02954 19870401 20041228 990 47.8919 8.1788 Lenzkirch-Saig Baden-Wurttemberg
02961 20010401 20231206 0 54.4996 10.2737 Leuchtturm_Kiel Schleswig-Holstein
02985 19911101 20231206 321 50.9383 14.2094 Lichtenhain-Mittelndorf Sachsen
03015 19510101 20231206 98 52.2085 14.1180 Lindenberg Brandenburg
03017 19840701 20100331 341 49.6800 8.7823 Lindenfels Hessen
03023 19700201 20161231 22 52.5181 7.3081 Lingen Niedersachsen
03028 19710401 20231206 157 51.7854 8.8388 Lippspringe,_Bad Nordrhein-Westfalen
03032 19500101 20231206 25 55.0110 8.4125 List_auf_Sylt Schleswig-Holstein
03046 19800201 19910331 20 52.7333 7.7333 Loningen-Schnetlage Niedersachsen
03085 19510101 19850228 15 53.8773 10.6915 Lubeck Schleswig-Holstein
03086 19850301 20231206 15 53.8025 10.6989 Lubeck-Blankensee Schleswig-Holstein
03093 19720101 20231206 16 52.9724 11.1374 Luchow Niedersachsen
03096 19690101 19951231 444 51.2131 7.6359 Ludenscheid_(Zeppelin-Gymnasium) Nordrhein-Westfalen
03098 19940101 20231206 387 51.2452 7.6425 Ludenscheid Nordrhein-Westfalen
03103 19761201 19971231 11 53.2657 10.4240 Luneburg Niedersachsen
03126 19570801 20231206 79 52.1029 11.5827 Magdeburg Sachsen-Anhalt
03138 19790101 19890216 200 49.9798 8.1668 Mainz-Finthen Rheinland-Pfalz
03145 19981201 20080901 30 54.1800 10.5528 Malente,_Bad-Gremsmuhlen Schleswig-Holstein
03158 19890101 20231206 12 52.5468 14.5453 Manschnow Brandenburg
03166 19820101 20231206 639 50.6511 13.1469 Marienberg Sachsen
03167 19690101 20231206 547 50.6621 7.9603 Marienberg,_Bad Rheinland-Pfalz
03196 19810101 20231206 81 53.3222 11.9321 Marnitz Mecklenburg-Vorpommern
03228 19810101 19970331 506 51.0976 7.6670 Meinerzhagen_(A) Nordrhein-Westfalen
03231 19790101 20231206 450 50.5611 10.3771 Meiningen Thuringen
03244 20110513 20231206 614 47.9821 10.1384 Memmingen Bayern
03245 19690101 20021129 630 47.9833 10.2333 Memmingen_(Flugplatz) Bayern
03246 19841101 20070531 181 50.3667 7.3167 Mendig Rheinland-Pfalz
03254 19730101 20231130 19 52.7155 7.3176 Meppen Niedersachsen
03256 19850101 19891031 193 48.0167 7.6667 Merdingen Baden-Wurttemberg
03268 20131008 20231206 900 48.1694 8.9433 Messstetten-Appental Baden-Wurttemberg
03274 19921201 19941130 415 49.5070 6.5215 Mettlach-Orscholz_(Kurort) Saarland
03287 19871001 20231206 453 49.7177 9.0997 Michelstadt-Vielbrunn Hessen
03300 19781201 19930531 155 50.2285 9.1064 Mittel-Grundau Hessen
03321 20080425 20231206 76 51.1313 6.3608 Monchengladbach-Hilderath Nordrhein-Westfalen
03362 20060701 20231206 243 48.9721 8.8735 Muhlacker Baden-Wurttemberg
03366 19550101 20231206 406 48.2790 12.5024 Muhldorf Bayern
03369 19800101 20060315 42 53.6000 10.4833 Muhlenrade Schleswig-Holstein
03376 19910101 20231206 63 52.5176 14.1232 Muncheberg Brandenburg
03379 19850101 20231206 515 48.1632 11.5429 Munchen-Stadt Bayern
03390 19500301 19920517 529 48.1369 11.7094 Munchen-Riem Bayern
03402 20080124 20231206 755 48.3851 9.4837 Munsingen-Apfelstetten Baden-Wurttemberg
03404 19650101 19911231 62 51.9494 7.5906 Munster Nordrhein-Westfalen
03442 19730101 19770531 149 50.3574 8.7506 Nauheim,_Bad Hessen
03478 19760701 20050816 81 53.5468 13.1914 Neubrandenburg Mecklenburg-Vorpommern
03484 19730101 20231130 380 48.7085 11.2147 Neuburg_an_der_Donau Bayern
03493 19800701 19900731 223 47.8333 7.5833 Neuenburg-Zinken Baden-Wurttemberg
03513 19890501 20231206 845 50.5003 11.1345 Neuhaus_am_Rennweg Thuringen
03518 19710101 19931231 793 47.9760 8.9101 Neuhausen_ob_Eck Baden-Wurttemberg
03534 19810301 20231206 584 49.2713 11.4881 Neumarkt-Hohenberg Bayern
03542 19751101 19950531 271 49.3500 7.1667 Neunkirchen/Saar Saarland
03552 19730101 20190408 38 52.9037 12.8071 Neuruppin Brandenburg
03575 19710101 19821231 163 49.3570 8.1405 Neustadt/Weinstrasse Rheinland-Pfalz
03577 19560101 19760630 64 53.3585 13.0502 Neustrelitz Mecklenburg-Vorpommern
03623 19690101 20231130 110 50.8294 6.6601 Norvenich-Niederbolheim Nordrhein-Westfalen
03631 19690101 20231206 12 53.7123 7.1519 Norderney Niedersachsen
03639 19740101 20231031 26 53.7647 8.6584 Nordholz-Wanhoden Niedersachsen
03651 19920402 20231206 111 51.7521 9.9450 Northeim-Stockheim Niedersachsen
03657 19830601 20150831 341 50.9081 7.5543 Numbrecht_auf_dem_Lindchen Nordrhein-Westfalen
03659 19720101 19950327 627 50.3391 6.9501 Nurburg Rheinland-Pfalz
03660 19950301 20231206 485 50.3602 6.8697 Nurburg-Barweiler Rheinland-Pfalz
03661 19600101 19780331 307 49.4500 11.0667 Nurnberg_(Hochhaus) Bayern
03668 19490101 20231206 314 49.5030 11.0549 Nurnberg Bayern
03702 19800101 20061231 515 47.8780 7.8288 Munstertal-Obermunstertal Baden-Wurttemberg
03730 19510101 20231206 806 47.3984 10.2759 Oberstdorf Bayern
03761 19520101 20231206 276 49.2070 9.5176 Ohringen Baden-Wurttemberg
03775 19780101 19981216 100 50.1029 8.7468 Offenbach/Main_(Zentrallabor) Hessen
03791 19690101 20121001 11 53.1763 8.1824 Oldenburg Niedersachsen
03811 19830101 20231206 150 51.2960 13.0928 Oschatz Sachsen
03815 19590820 20101130 95 52.2553 8.0534 Osnabruck Niedersachsen
03821 19860101 20231206 244 51.0872 11.9293 Osterfeld Sachsen-Anhalt
03879 19660101 19961231 409 48.5779 13.4694 Passau-Oberhaus Bayern
03897 20060818 20231206 2 54.0893 10.8773 Pelzerhaken Schleswig-Holstein
03905 19900829 20231206 407 49.5214 6.4476 Perl-Sinz-Renglischberg Saarland
03921 19740601 19960430 396 49.8500 7.6000 Pferdsfeld Rheinland-Pfalz
03925 19890406 20231206 332 48.9329 8.6973 Pforzheim-Ispringen Baden-Wurttemberg
03946 19730101 20231206 387 50.4818 12.1300 Plauen Sachsen
03954 19700701 19960930 26 54.1603 10.4345 Plon_(Max-Planck-Institut) Schleswig-Holstein
03987 18930101 20231206 81 52.3812 13.0622 Potsdam Brandenburg
03988 18930101 20020831 81 52.3822 13.0622 Potsdam_(Sakularstation) Brandenburg
04024 19820101 20231206 40 54.3643 13.4771 Putbus Mecklenburg-Vorpommern
04032 20080521 20231206 142 51.7953 11.1320 Quedlinburg Sachsen-Anhalt
04036 20091012 20231206 204 51.3895 11.5412 Querfurt-Muhle_Lodersleben Sachsen-Anhalt
04039 19821201 20231206 11 53.7331 9.8776 Quickborn Schleswig-Holstein
04094 19971209 20231206 441 47.8062 9.6206 Weingarten,_Kr._Ravensburg Baden-Wurttemberg
04104 19490101 20231206 365 49.0425 12.1019 Regensburg Bayern
04174 19710101 20171219 40 52.2887 7.3866 Rheine-Bentlage Nordrhein-Westfalen
04177 20081101 20231206 116 48.9726 8.3301 Rheinstetten Baden-Wurttemberg
04225 19790601 20190412 373 49.2195 12.5360 Roding-Wetterfeld Bayern
04271 19540101 20231206 5 54.1803 12.0808 Rostock-Warnemunde Mecklenburg-Vorpommern
04279 19890418 20231206 593 50.3046 6.3863 Roth_bei_Prum Rheinland-Pfalz
04280 19710101 20231206 386 49.2162 11.1035 Roth Bayern
04335 19770701 19830630 206 49.2500 6.9500 Saarbrucken_(Rochling) Saarland
04336 19560101 20231206 319 49.2128 7.1077 Saarbrucken-Ensheim Saarland
04338 19750701 19880126 191 49.2170 7.0199 Saarbrucken_(Wasserwerk) Saarland
04343 19790101 19931130 180 49.3256 6.7354 Saarlouis Saarland
04347 20001011 20030708 293 51.5909 10.5691 Sachsa,_Bad Niedersachsen
04350 19710101 20081231 339 47.5619 7.9399 Sackingen,_Bad_(Bergseestr.) Baden-Wurttemberg
04371 19690101 20231206 135 52.1042 8.7521 Salzuflen,_Bad Nordrhein-Westfalen
04386 19790301 20011201 795 47.7610 8.1247 Sankt_Blasien Baden-Wurttemberg
04393 19690101 20231206 5 54.3279 8.6031 Sankt_Peter-Ording Schleswig-Holstein
04424 19660406 19861231 1205 47.9139 7.9083 Schauinsland_(UBA) Baden-Wurttemberg
04445 19891001 19911031 609 51.7658 10.6533 Wernigerode-Schierke Sachsen-Anhalt
04464 19890801 20231206 501 50.5679 11.8041 Schleiz Thuringen
04466 19580201 20231206 43 54.5275 9.5487 Schleswig Schleswig-Holstein
04477 19810101 20100501 993 47.8208 8.1860 Schluchsee Baden-Wurttemberg
04501 19780701 20231206 938 50.6545 10.7696 Schmucke Thuringen
04517 19770301 20081130 635 48.7859 8.6451 Schomberg,_Kr._Calw Baden-Wurttemberg
04549 19770701 19950831 1021 48.1002 8.1969 Schonwald/Schwarzwald Baden-Wurttemberg
04556 19720901 20000831 904 48.1402 8.1991 Schonach Baden-Wurttemberg
04583 19911126 20081226 300 48.7868 9.7456 Schwabisch_Gmund_(Wind) Baden-Wurttemberg
04625 19540101 20231206 59 53.6424 11.3871 Schwerin Mecklenburg-Vorpommern
04629 19721001 19991130 37 54.5166 9.1420 Schwesing Schleswig-Holstein
04642 19761001 20231206 21 52.8911 11.7297 Seehausen Sachsen-Anhalt
04663 19820201 20110412 535 50.1633 12.1188 Selb/Selbbach Bayern
04665 19690101 19750531 431 49.5281 7.0417 Selbach_(Tholey) Saarland
04678 19700101 19880729 1 53.5833 8.0333 Sengwarden Niedersachsen
04735 19770101 19861231 123 48.7833 8.0833 Sollingen Baden-Wurttemberg
04745 19580601 20231206 75 52.9604 9.7930 Soltau Niedersachsen
04752 19580101 20080701 626 50.3746 11.1828 Sonneberg-Neufang Thuringen
04880 19841201 20231206 450 49.0878 10.1240 Stimpfach-Weipertshofen Baden-Wurttemberg
04886 19751101 20070526 3 53.8333 9.3667 Storsperrwerk Schleswig-Holstein
04887 19520101 20231206 734 48.6656 9.8648 Stotten Baden-Wurttemberg
04911 19740101 20231206 351 48.8275 12.5597 Straubing Bayern
04919 19771001 20231206 7 54.4965 8.8069 Strucklahnungshorn Schleswig-Holstein
04927 19490801 19840731 286 48.7693 9.1814 Stuttgart-Stadt Baden-Wurttemberg
04928 19760901 20231206 314 48.8281 9.2000 Stuttgart_(Schnarrenberg) Baden-Wurttemberg
04929 19840901 19850531 311 48.8333 9.2000 Stuttgart_(Schnarrenberg_Aero) Baden-Wurttemberg
04931 19530101 20231206 371 48.6883 9.2235 Stuttgart-Echterdingen Baden-Wurttemberg
04933 19690101 19770630 401 48.7091 9.2147 Stuttgart-Hohenheim Baden-Wurttemberg
04947 19880817 20231206 129 52.2317 10.9200 Supplingen Niedersachsen
05009 19730101 20040630 33 53.7610 12.5574 Teterow Mecklenburg-Vorpommern
05029 19750601 20231206 387 49.4737 7.0385 Tholey Saarland
05049 19790101 20080501 846 47.8991 8.1460 Titisee-Neustadt-Titisee Baden-Wurttemberg
05059 19840101 19950531 781 47.7279 7.9988 Todtmoos Baden-Wurttemberg
05063 19580101 19751031 724 47.7566 11.5819 Tolz,_Bad Bayern
05078 19710101 20231206 2 53.9619 10.8892 Travemunde Schleswig-Holstein
05095 19771201 20010901 700 48.1288 8.2330 Triberg_(Kurpark) Baden-Wurttemberg
05100 19370101 20231206 261 49.7479 6.6583 Trier-Petrisberg Rheinland-Pfalz
05109 20131001 20231206 68 53.5998 13.3039 Trollenhagen Mecklenburg-Vorpommern
05120 19690101 19811031 370 48.5198 9.0515 Tubingen Baden-Wurttemberg
05128 19790601 19901130 668 47.9682 8.7899 Tuttlingen-Mohringen-Vorstadt Baden-Wurttemberg
05142 19820101 20231206 1 53.7445 14.0698 Ueckermunde Mecklenburg-Vorpommern
05154 19740101 19960930 576 48.4000 9.9833 Ulm-Wilhelmsburg Baden-Wurttemberg
05155 19690101 20140901 567 48.3837 9.9524 Ulm Baden-Wurttemberg
05158 19890101 20231206 159 52.1601 11.1759 Ummendorf Sachsen-Anhalt
05226 19870611 20011117 708 47.9530 10.9151 Vilgertshofen Bayern
05244 19760501 19810531 220 49.2581 6.8612 Volklingen-Stadt Saarland
05245 19760101 19920229 187 49.2495 6.8804 Volklingen_(Kraftwerk-Fenne) Saarland
05249 19871208 19901231 464 47.9500 12.1833 Vogtareuth_(A) Bayern
05282 19410101 19701231 246 51.1197 13.6744 Wahnsdorf_bei_Dresden Sachsen
05289 19830101 20050930 595 48.4918 8.5612 Waldachtal-Lutzenhardt Baden-Wurttemberg
05306 19830101 20031210 940 48.9293 13.4641 Waldhauser_(National_Park) Bayern
05308 19700409 19861231 72 52.8009 10.7562 Waldhof_(Luneburger_Heide_UBA) Niedersachsen
05319 19810801 20231206 576 47.9167 9.7076 Waldsee,_Bad-Reute Baden-Wurttemberg
05327 19810714 20231206 404 49.5789 9.3975 Walldurn Baden-Wurttemberg
05347 20021201 20231206 236 51.5039 9.1118 Warburg Nordrhein-Westfalen
05349 19810101 20231206 73 53.5196 12.6654 Waren_(Muritz) Mecklenburg-Vorpommern
05371 19590101 20231206 920 50.4973 9.9427 Wasserkuppe Hessen
05397 19520101 20231206 440 49.6662 12.1844 Weiden Bayern
05404 19720101 20231206 477 48.4024 11.6946 Weihenstephan-Durnast Bayern
05412 19910531 20231206 771 47.6802 8.1964 Weilheim-Bierbronnen Baden-Wurttemberg
05419 19500101 20070630 264 50.9751 11.3076 Weimar Thuringen
05426 19731201 20231206 553 49.3758 8.1212 Weinbiet Rheinland-Pfalz
05431 19730101 19760930 24 53.0333 11.8000 Weisen_bei_Wittenberge Sachsen-Anhalt
05440 19690101 20231206 439 49.0115 10.9308 Weissenburg-Emetzheim Bayern
05467 19690101 20120921 1832 47.7035 12.0119 Wendelstein Bayern
05480 19750101 20231206 85 51.5763 7.8879 Werl Nordrhein-Westfalen
05490 19530101 20231206 233 51.8454 10.7686 Wernigerode Sachsen-Anhalt
05515 19650101 19861231 12 54.9231 8.3080 Westerland_(UBA) Schleswig-Holstein
05516 19570701 20231206 3 54.5283 11.0606 Fehmarn Schleswig-Holstein
05538 20180126 20231206 551 47.8827 11.1576 Wielenbach_(Demollstr.) Bayern
05546 19860701 20231206 187 52.1206 12.4586 Wiesenburg Brandenburg
05560 19771101 20030629 740 48.7501 8.5365 Wildbad,_Bad-Sommerberg Baden-Wurttemberg
05564 19750101 19920331 88 51.1167 6.2167 Wildenrath Nordrhein-Westfalen
05582 19841101 20051231 580 51.2940 8.6026 Willingen/Upland Hessen
05629 19610101 20231206 105 51.8891 12.6446 Wittenberg Sachsen-Anhalt
05640 19690101 20231130 10 53.5503 7.6672 Wittmundhafen Niedersachsen
05663 19820101 19961130 118 53.4618 13.6099 Woldegk Mecklenburg-Vorpommern
05665 19890501 20100501 677 47.8180 9.7970 Wolfegg Baden-Wurttemberg
05675 19780801 19880831 56 52.4411 10.7587 Wolfsburg Niedersachsen
05705 19660101 20231206 268 49.7704 9.9576 Wurzburg Bayern
05715 19740101 20231130 49 52.4626 9.4245 Wunstorf Niedersachsen
05732 19360101 19710731 9 54.6928 8.5271 Wrixum/Fohr Schleswig-Holstein
05745 19810101 19911031 51 52.9663 13.3268 Zehdenick Brandenburg
05779 19760401 20231206 877 50.7313 13.7516 Zinnwald-Georgenfeld Sachsen
05792 19760101 20231206 2956 47.4210 10.9848 Zugspitze Bayern
05797 20140922 20231206 349 50.6879 12.4329 Lichtentanne Sachsen
05800 20060711 20231206 615 49.0280 13.2385 Zwiesel Bayern
05825 20120704 20231206 40 52.6198 12.7867 Berge Brandenburg
05839 19970701 20231206 -0 53.3881 7.2287 Emden Niedersachsen
05841 19770301 19790228 600 48.6667 8.4667 Enzklosterle_(A) Baden-Wurttemberg
05851 19970312 20231206 392 51.0806 8.8769 Frankenberg-Geismar Hessen
05856 19961231 20231206 476 48.5451 13.3532 Furstenzell Bayern
05871 19981101 20231206 497 49.9463 7.2645 Hahn Rheinland-Pfalz
05877 19970310 20231206 5 54.3160 10.8002 Putlos Schleswig-Holstein
05906 19690101 20231206 98 49.5063 8.5584 Mannheim Baden-Wurttemberg
05930 19810801 20231206 1 54.6410 10.0238 Schonhagen_(Ostseebad) Schleswig-Holstein
06091 19971008 20231206 14 53.7674 7.6721 Spiekeroog_(SWN) Niedersachsen
06096 19980717 20231206 416 49.1423 10.7301 Altmuhlsee Bayern
06097 19981104 20231206 4 54.4738 12.5014 Darsser_Ort_(SWN) Mecklenburg-Vorpommern
06098 20000503 20100430 398 47.8147 9.0237 Stockach-Espasingen Baden-Wurttemberg
06099 20000420 20231206 449 47.7020 8.7318 Gailingen Baden-Wurttemberg
06101 19991216 20231206 51 54.1323 11.6719 Bastorf-Kagsdorf_(SWN) Mecklenburg-Vorpommern
06102 19990331 20231206 397 47.5396 9.6843 Lindau_(SWN) Bayern
06103 20000606 20231206 923 47.4287 11.2616 Mittenwald/Obb. Bayern
06106 20020630 20231206 62 53.3311 12.7149 Rechlin Mecklenburg-Vorpommern
06107 19990414 20231206 703 47.8076 9.1035 Sipplingen_(SWN) Baden-Wurttemberg
06108 20010627 20231206 7 53.7197 9.4192 Ruthenstrom Niedersachsen
06136 19820801 19950430 220 50.7000 8.3000 Dillenburg-Niederscheld_(Klaranlage) Hessen
06159 20081201 20231206 8 52.9542 7.3197 Dorpen Niedersachsen
06163 20021201 20231206 27 54.1654 10.3519 Dornick Schleswig-Holstein
06181 19870601 19921231 218 51.3154 9.4281 Kassel-Wilhelmshohe Hessen
06183 19760201 19891231 16 54.9101 8.3268 Westerland_(Wind) Schleswig-Holstein
06184 19880801 19891130 6 53.5333 8.1667 Wilhelmshaven_(Flugplatz) Niedersachsen
06189 19710101 19950831 34 53.1333 9.3500 Rotenburg_(Wumme)_(Flugplatz) Niedersachsen
06192 20000201 20081031 115 49.8083 7.8458 Munster_am_Stein,_Bad Rheinland-Pfalz
06196 20110519 20220405 611 50.1587 12.0386 Selb-Spielberg Bayern
06197 20021201 20231206 258 51.8664 9.2710 Lugde-Paenbruch Nordrhein-Westfalen
06211 19870610 20231206 464 47.9550 12.1735 Vogtareuth_(Klaranlage) Bayern
06221 19910903 19940630 6 53.5084 7.0781 Krummhorn_(Hooge) Niedersachsen
06238 20011123 20170729 675 47.9946 11.2690 Starnberg-Perchting Bayern
06242 20181019 20210701 64 50.4088 7.4890 Mulheim-Karlich Rheinland-Pfalz
06243 20180712 20231206 96 49.2506 8.4422 Philippsburg_KKW Baden-Wurttemberg
06244 20180712 20231206 145 49.3650 9.0804 Obrigheim Baden-Wurttemberg
06245 20180611 20231206 180 49.0423 9.1733 Neckarwestheim_KKW Baden-Wurttemberg
06247 20180701 20231206 307 47.6078 8.1813 Dogern_(Leibstadt) Baden-Wurttemberg
06253 20011001 20231206 31 52.4228 12.5667 Brandenburg/Havel Brandenburg
06255 20181018 20181231 351 49.4667 6.3968 Perl/Saar Saarland
06277 19710101 19900430 66 52.4167 10.6667 Wolfsburg_(Schleuse) Niedersachsen
06314 20061127 20231206 306 51.0507 13.3003 Nossen Sachsen
06344 20101001 20231206 168 50.3940 8.1423 Runkel-Ennerich Hessen
07244 19810101 20040928 62 53.1424 13.0319 Neuglobsow_(HM) Brandenburg
07308 19850206 20180125 541 47.8847 11.1540 Wielenbach Bayern
07341 20050801 20231206 119 50.0900 8.7862 Offenbach-Wetterpark Hessen
07351 20050908 20231206 115 53.3176 13.4175 Feldberg/Mecklenburg Mecklenburg-Vorpommern
07367 20071201 20231206 144 51.9643 9.8072 Alfeld Niedersachsen
07368 20071101 20231206 312 51.0007 10.3621 Eisenach Thuringen
07369 20071101 20231206 475 49.1623 10.3661 Feuchtwangen-Heilbronn Bayern
07370 20061211 20231206 499 49.3910 12.6838 Waldmunchen Bayern
07374 20060301 20231206 46 52.0813 6.9409 Ahaus Nordrhein-Westfalen
07389 20130501 20231206 83 52.7461 13.8427 Heckelberg Brandenburg
07391 20120201 20231206 443 49.5561 8.9669 Oberzent-Beerfelden-Vogelherd Hessen
07392 20080101 20231206 304 50.3332 10.4487 Aubstadt Bayern
07393 20100101 20231206 116 51.4492 14.2533 Hoyerswerda Sachsen
07394 20060601 20231206 622 50.0315 11.9745 Wunsiedel-Schonbrunn Bayern
07395 20071201 20231206 351 48.6595 12.5388 Gottfrieding Bayern
07396 20080501 20231206 740 50.5084 9.2246 Hoherodskopf/Vogelsberg Hessen
07403 20070402 20231206 672 47.7955 10.0325 Leutkirch-Herlazhofen Baden-Wurttemberg
07410 20110201 20231206 350 50.7513 9.0224 Neu-Ulrichstein Hessen
07412 20061001 20231206 340 50.0083 9.4238 Neuhutten/Spessart Bayern
07416 20080911 20231206 541 51.0112 8.2733 Birkelbach Nordrhein-Westfalen
10510 20090101 20231206 244 48.8059 9.5046 Winterbach/Remstal Baden-Wurttemberg
13667 20061123 20080706 274 48.0006 7.8450 Freiburg-Mitte Baden-Wurttemberg
13674 20070801 20231206 237 49.2943 8.9053 Waibstadt Baden-Wurttemberg
13676 20100101 20231206 378 48.8608 12.0323 Langquaid-Oberschneidhart Bayern
13693 20080611 20231206 70 51.9258 8.3111 Gutersloh/Ems Nordrhein-Westfalen
13701 20080901 20231206 250 51.1945 9.9885 Eschwege-Eltmannshausen Hessen
13711 20161201 20231206 289 50.6820 11.5150 Krolpa-Rockendorf Thuringen
13900 19950101 20231206 145 50.2688 9.3580 Soden,Bad-Salmunster_(Klaranlage) Hessen
13901 19790201 20231206 41 51.7343 7.1998 Haltern_(Wasserwerk) Nordrhein-Westfalen
13932 19870521 20231206 388 48.3617 13.1938 Rotthalmunster_(Landwirtschaftsamt) Bayern
13952 20090201 20231206 278 51.4089 8.0094 Arnsberg-Muschede Nordrhein-Westfalen
13965 20081201 20231206 619 48.2639 8.8134 Balingen-Bronnhaupten Baden-Wurttemberg
14003 19741001 19800930 728 47.8619 10.6144 Kaufbeuren_(Flugplatz) Bayern
15000 20110401 20231206 231 50.7983 6.0244 Aachen-Orsbach Nordrhein-Westfalen
15044 20111001 20231206 199 50.4517 7.4058 Neuwied-Feldkirchen-Hullenberg Rheinland-Pfalz
15120 20120301 20231206 379 51.5572 8.7019 Haaren Nordrhein-Westfalen
15122 20120401 20231206 380 49.5200 10.2854 Ergersheim-Neuherberg Bayern
15189 20130501 20231206 12 53.8281 12.5936 Sukow-Levitzow Mecklenburg-Vorpommern
15190 20180701 20231206 18 51.6802 6.4349 Xanten_(Wasserwerk) Nordrhein-Westfalen
15200 20130601 20231206 327 51.2531 7.2157 Wuppertal Nordrhein-Westfalen
15207 20131101 20231206 317 51.2835 9.3590 Schauenburg-Elgershausen Hessen
15214 20131101 20231206 808 47.6248 10.8075 Halblech-Bayerniederhofen Bayern
15444 20140901 20231206 593 48.4418 9.9216 Ulm-Mahringen Baden-Wurttemberg
15520 20150901 20231206 656 47.8190 12.2956 Frasdorf-Greimelberg Bayern
15547 20161001 20231206 215 49.1259 9.1428 Heilbronn/Neckar Baden-Wurttemberg
15801 20201001 20231206 718 48.8257 13.5922 Hinterschmiding-Sonndorf Bayern
15813 20220301 20231206 40 52.5126 7.4131 Lingen-Baccum Niedersachsen
15911 20210601 20231206 278 51.1348 14.4343 Grosspostwitz-Denkwitz Sachsen
15976 20200402 20231206 216 49.9529 8.2107 Ober-Olm/Bellem Rheinland-Pfalz
15978 20200402 20231206 316 49.5044 7.8618 Sembach Rheinland-Pfalz
19171 20200901 20231206 13 54.0039 9.8555 Hasenkrug-Hardebek Schleswig-Holstein
19207 20230401 20231206 16 53.8178 12.0645 Gulzow-Pruzen Mecklenburg-Vorpommern
19317 19740101 19810630 486 48.2333 11.5667 Oberschleissheim/Flugplatz Bayern
19576 20230901 20230908 249 49.8044 8.8582 Reinheim-Hundertmorgen Hessen
19580 19750701 20051031 471 48.4951 9.4003 Urach,_Bad/Erms Baden-Wurttemberg
19581 19770601 20041231 600 48.6671 8.4700 Enzklosterle/Schwarzwald Baden-Wurttemberg
19582 19760701 20010831 754 48.1419 8.4255 Konigsfeld Baden-Wurttemberg
